
positive/1655883961.930456.jpg 1 844 404 201 216
positive/1655883963.565824.jpg 1 878 420 190 184
positive/1655883973.7533557.jpg 2 416 399 212 101 1083 344 535 312
positive/1655883976.7935333.jpg 2 279 394 263 126 437 357 449 328
positive/1655883977.0505908.jpg 3 395 358 47 1 395 358 575 334 280 395 249 113
positive/1655883977.2996466.jpg 2 399 381 553 306 278 392 280 123
positive/1655883977.5817106.jpg 2 391 359 493 342 282 397 254 114
positive/1655883987.4753819.jpg 1 752 358 338 272
positive/1655883999.5719616.jpg 1 665 337 657 494
positive/1655884016.6788955.jpg 1 812 425 140 127
positive/1655884021.6819968.jpg 1 596 403 469 303
positive/1655884075.1801963.jpg 1 841 499 140 99
positive/1655884082.599405.jpg 1 859 439 164 170
positive/1655884088.295229.jpg 1 861 373 235 182
positive/1655884093.890385.jpg 1 780 403 325 264
positive/1655884522.1115143.jpg 1 935 510 35 31
positive/1655884528.0109308.jpg 1 847 505 79 57
positive/1655884533.6150131.jpg 1 899 485 103 92
positive/1655884539.0004737.jpg 1 776 513 161 109
positive/1655884544.0211067.jpg 1 868 480 162 134
positive/1655884548.5511286.jpg 1 804 472 229 149
positive/1655884554.7305396.jpg 1 852 294 234 363
positive/1655884629.1447709.jpg 1 876 503 135 113
positive/1655884629.3888295.jpg 1 879 490 112 119
positive/1655884629.632885.jpg 1 900 497 102 141
positive/1655884633.4793398.jpg 1 866 436 238 163